lat: 47.661002
lng: -117.387706
